# Made in Blockbench 5.1.3
mtllib hummer.mtl

o Hammer
v -0.03949217067496194 0.7318192603437959 0.291918351894224
v -0.039492170674974986 1.7318192603437963 0.29191835189422344
v 0.2102698847205018 0.7318192603437992 0.30282319873555397
v 0.21026988472048874 1.7318192603437996 0.3028231987355534
v -0.028587323833644956 1.7318192603437963 0.04215629649875882
v -0.02858732383363191 0.7318192603437959 0.04215629649875939
v 0.22117473156181877 1.7318192603437996 0.05306114334008882
v 0.22117473156183182 0.7318192603437992 0.05306114334008938
vt 0.359375 0.921875
vt 0.390625 0.921875
vt 0.390625 0.890625
vt 0.359375 0.890625
vt 0 0.671875
vt 0.125 0.671875
vt 0.125 0.640625
vt 0 0.640625
vt 0.109375 0.640625
vt 0.140625 0.640625
vt 0.140625 0.609375
vt 0.109375 0.609375
vt 0.125 0.671875
vt 0.25 0.671875
vt 0.25 0.640625
vt 0.125 0.640625
vt 0.28125 0.546875
vt 0.25 0.546875
vt 0.25 0.671875
vt 0.28125 0.671875
vt 0.3125 0.671875
vt 0.28125 0.671875
vt 0.28125 0.546875
vt 0.3125 0.546875
vn -1.308332006725243e-14 1 -6.823581622727594e-16
vn -0.04361938736532013 -1.0970852070289916e-17 0.9990482215818586
vn 1.308332006725243e-14 -1 6.823581622727594e-16
vn 0.04361938736532013 1.0970852070289916e-17 -0.9990482215818586
vn -0.9990482215818586 -1.3057069434391238e-14 -0.04361938736532012
vn 0.9990482215818586 1.3057069434391238e-14 0.04361938736532012
usemtl m_aeebc05f-94da-6963-04ad-81db112014f6
f 4/4/1 7/3/1 5/2/1 2/1/1
f 3/8/2 4/7/2 2/6/2 1/5/2
f 8/12/3 3/11/3 1/10/3 6/9/3
f 7/16/4 8/15/4 6/14/4 5/13/4
f 6/20/5 1/19/5 2/18/5 5/17/5
f 7/24/6 4/23/6 3/22/6 8/21/6
o Hammer
v 0.02465077262941473 -0.5802702352227673 0.23215935045711183
v 0.024650772629390263 1.2947297647772331 0.2321593504571108
v 0.14953180032714727 -0.5802702352227657 0.2376117738777769
v 0.14953180032712282 1.2947297647772347 0.23761177387777585
v 0.030103196050055278 1.2947297647772331 0.10727832275937849
v 0.030103196050079745 -0.5802702352227673 0.10727832275937953
v 0.15498422374778784 1.2947297647772347 0.11273074618004351
v 0.1549842237478123 -0.5802702352227657 0.11273074618004456
vt 0.09375 0.78125
vt 0.109375 0.78125
vt 0.109375 0.765625
vt 0.09375 0.765625
vt 0.3125 0.671875
vt 0.546875 0.671875
vt 0.546875 0.65625
vt 0.3125 0.65625
vt 0 0.6875
vt 0.015625 0.6875
vt 0.015625 0.671875
vt 0 0.671875
vt 0.34375 1
vt 0.578125 1
vt 0.578125 0.984375
vt 0.34375 0.984375
vt 0.328125 0.421875
vt 0.3125 0.421875
vt 0.3125 0.65625
vt 0.328125 0.65625
vt 0.34375 0.65625
vt 0.328125 0.65625
vt 0.328125 0.421875
vt 0.34375 0.421875
vn -1.308332006725243e-14 1 -6.823581622727594e-16
vn -0.04361938736532013 -1.0970852070289916e-17 0.9990482215818586
vn 1.308332006725243e-14 -1 6.823581622727594e-16
vn 0.04361938736532013 1.0970852070289916e-17 -0.9990482215818586
vn -0.9990482215818586 -1.3057069434391238e-14 -0.04361938736532012
vn 0.9990482215818586 1.3057069434391238e-14 0.04361938736532012
usemtl m_aeebc05f-94da-6963-04ad-81db112014f6
f 12/28/7 15/27/7 13/26/7 10/25/7
f 11/32/8 12/31/8 10/30/8 9/29/8
f 16/36/9 11/35/9 9/34/9 14/33/9
f 15/40/10 16/39/10 14/38/10 13/37/10
f 14/44/11 9/43/11 10/42/11 13/41/11
f 15/48/12 12/47/12 11/46/12 16/45/12
o Hammer
v -0.037627120896209426 -0.7089984013677268 0.2919997817261356
v -0.0376271208962127 -0.4589984013677268 0.2919997817261355
v 0.21213493449925563 -0.7089984013677235 0.3029046285674657
v 0.2121349344992524 -0.4589984013677235 0.30290462856746553
v -0.026722274054882672 -0.4589984013677268 0.04223772633067084
v -0.026722274054879397 -0.7089984013677268 0.042237726330670994
v 0.22303978134058242 -0.4589984013677235 0.0531425731720009
v 0.22303978134058566 -0.7089984013677236 0.05314257317200104
vt 0.359375 0.890625
vt 0.390625 0.890625
vt 0.390625 0.859375
vt 0.359375 0.859375
vt 0.140625 0.640625
vt 0.171875 0.640625
vt 0.171875 0.609375
vt 0.140625 0.609375
vt 0.359375 0.859375
vt 0.390625 0.859375
vt 0.390625 0.828125
vt 0.359375 0.828125
vt 0.171875 0.640625
vt 0.203125 0.640625
vt 0.203125 0.609375
vt 0.171875 0.609375
vt 0.390625 0.796875
vt 0.359375 0.796875
vt 0.359375 0.828125
vt 0.390625 0.828125
vt 0.234375 0.640625
vt 0.203125 0.640625
vt 0.203125 0.609375
vt 0.234375 0.609375
vn -1.308332006725243e-14 1 -6.823581622727594e-16
vn -0.04361938736532013 -1.0970852070289916e-17 0.9990482215818586
vn 1.308332006725243e-14 -1 6.823581622727594e-16
vn 0.04361938736532013 1.0970852070289916e-17 -0.9990482215818586
vn -0.9990482215818586 -1.3057069434391238e-14 -0.04361938736532012
vn 0.9990482215818586 1.3057069434391238e-14 0.04361938736532012
usemtl m_aeebc05f-94da-6963-04ad-81db112014f6
f 20/52/13 23/51/13 21/50/13 18/49/13
f 19/56/14 20/55/14 18/54/14 17/53/14
f 24/60/15 19/59/15 17/58/15 22/57/15
f 23/64/16 24/63/16 22/62/16 21/61/16
f 22/68/17 17/67/17 18/66/17 21/65/17
f 23/72/18 20/71/18 19/70/18 24/69/18
o Hammer
v -0.3598733750502926 0.9818192603437917 0.4656088348891599
v -0.35987337505030076 1.6068192603437923 0.4656088348891595
v 0.5142938188338314 0.9818192603438033 0.503775798833815
v 0.5142938188338233 1.6068192603438036 0.5037757988338145
v -0.3326112579469757 1.606819260343792 -0.1587963035995021
v -0.33261125794696755 0.9818192603437917 -0.1587963035995017
v 0.5415559359371482 1.6068192603438036 -0.12062933965484707
v 0.5415559359371565 0.9818192603438032 -0.12062933965484673
vt 0.109375 1
vt 0.1875 1
vt 0.1875 0.8828125
vt 0.109375 0.8828125
vt 0.109375 0.8828125
vt 0.1875 0.8828125
vt 0.1875 0.765625
vt 0.109375 0.765625
vt 0.1875 1
vt 0.265625 1
vt 0.265625 0.8828125
vt 0.1875 0.8828125
vt 0.1875 0.8828125
vt 0.109375 0.8828125
vt 0.109375 0.765625
vt 0.1875 0.765625
vt 0.265625 0.6875
vt 0.1875 0.6875
vt 0.1875 0.765625
vt 0.265625 0.765625
vt 0.34375 1
vt 0.265625 1
vt 0.265625 0.921875
vt 0.34375 0.921875
vn -1.308332006725243e-14 1 -6.823581622727594e-16
vn -0.04361938736532013 -1.0970852070289916e-17 0.9990482215818586
vn 1.308332006725243e-14 -1 6.823581622727594e-16
vn 0.04361938736532013 1.0970852070289916e-17 -0.9990482215818586
vn -0.9990482215818586 -1.3057069434391238e-14 -0.04361938736532012
vn 0.9990482215818586 1.3057069434391238e-14 0.04361938736532012
usemtl m_aeebc05f-94da-6963-04ad-81db112014f6
f 28/76/19 31/75/19 29/74/19 26/73/19
f 27/80/20 28/79/20 26/78/20 25/77/20
f 32/84/21 27/83/21 25/82/21 30/81/21
f 31/88/22 32/87/22 30/86/22 29/85/22
f 30/92/23 25/91/23 26/90/23 29/89/23
f 31/96/24 28/95/24 27/94/24 32/93/24
o Hammer
v -0.849066158553353 0.9038047213725611 0.5068097595200919
v -0.8490661585533628 1.653804721372561 0.5068097595200914
v -0.3495420477624242 0.9038047213725676 0.5286194532027519
v -0.34954204776243397 1.6538047213725675 0.5286194532027515
v -0.8163516180293727 1.6538047213725608 -0.24247640666630244
v -0.8163516180293628 0.903804721372561 -0.24247640666630205
v -0.3168275072384439 1.6538047213725675 -0.22066671298364238
v -0.3168275072384341 0.9038047213725675 -0.220666712983642
vt 0.265625 0.921875
vt 0.359375 0.921875
vt 0.359375 0.859375
vt 0.265625 0.859375
vt 0.265625 0.859375
vt 0.359375 0.859375
vt 0.359375 0.796875
vt 0.265625 0.796875
vt 0.265625 0.796875
vt 0.359375 0.796875
vt 0.359375 0.734375
vt 0.265625 0.734375
vt 0.359375 0.859375
vt 0.265625 0.859375
vt 0.265625 0.796875
vt 0.359375 0.796875
vt 0.09375 0.6875
vt 0 0.6875
vt 0 0.78125
vt 0.09375 0.78125
vt 0.1875 0.765625
vt 0.09375 0.765625
vt 0.09375 0.671875
vt 0.1875 0.671875
vn -1.308332006725243e-14 1 -6.823581622727594e-16
vn -0.04361938736532013 -1.0970852070289916e-17 0.9990482215818586
vn 1.308332006725243e-14 -1 6.823581622727594e-16
vn 0.04361938736532013 1.0970852070289916e-17 -0.9990482215818586
vn -0.9990482215818586 -1.3057069434391238e-14 -0.04361938736532012
vn 0.9990482215818586 1.3057069434391238e-14 0.04361938736532012
usemtl m_aeebc05f-94da-6963-04ad-81db112014f6
f 36/100/25 39/99/25 37/98/25 34/97/25
f 35/104/26 36/103/26 34/102/26 33/101/26
f 40/108/27 35/107/27 33/106/27 38/105/27
f 39/112/28 40/111/28 38/110/28 37/109/28
f 38/116/29 33/115/29 34/114/29 37/113/29
f 39/120/30 36/119/30 35/118/30 40/117/30
o Hammer
v -0.7269113425659524 0.8413047213725627 0.574702696789623
v -0.7269113425659638 1.7163047213725628 0.5747026967896226
v -0.4771492871704877 0.841304721372566 0.5856075436309531
v -0.4771492871704991 1.7163047213725662 0.5856075436309527
v -0.6887443786213087 1.7163047213725626 -0.29946449709450357
v -0.6887443786212972 0.8413047213725626 -0.29946449709450307
v -0.43898232322584396 1.716304721372566 -0.28855965025317354
v -0.4389823232258326 0.8413047213725658 -0.28855965025317304
vt 0.34375 0.984375
vt 0.453125 0.984375
vt 0.453125 0.953125
vt 0.34375 0.953125
vt 0.34375 0.953125
vt 0.453125 0.953125
vt 0.453125 0.921875
vt 0.34375 0.921875
vt 0.34375 0.65625
vt 0.453125 0.65625
vt 0.453125 0.625
vt 0.34375 0.625
vt 0.453125 0.953125
vt 0.34375 0.953125
vt 0.34375 0.921875
vt 0.453125 0.921875
vt 0.109375 0.890625
vt 0 0.890625
vt 0 1
vt 0.109375 1
vt 0.109375 0.890625
vt 0 0.890625
vt 0 0.78125
vt 0.109375 0.78125
vn -1.308332006725243e-14 1 -6.823581622727594e-16
vn -0.04361938736532013 -1.0970852070289916e-17 0.9990482215818586
vn 1.308332006725243e-14 -1 6.823581622727594e-16
vn 0.04361938736532013 1.0970852070289916e-17 -0.9990482215818586
vn -0.9990482215818586 -1.3057069434391238e-14 -0.04361938736532012
vn 0.9990482215818586 1.3057069434391238e-14 0.04361938736532012
usemtl m_aeebc05f-94da-6963-04ad-81db112014f6
f 44/124/31 47/123/31 45/122/31 42/121/31
f 43/128/32 44/127/32 42/126/32 41/125/32
f 48/132/33 43/131/33 41/130/33 46/129/33
f 47/136/34 48/135/34 46/134/34 45/133/34
f 46/140/35 41/139/35 42/138/35 45/137/35
f 47/144/36 44/143/36 43/142/36 48/141/36
o Hammer
v 0.4982174054525862 0.9184481556227486 0.5656334302897104
v 0.4982174054525764 1.6684481556227488 0.56563343028971
v 0.9977415162435153 0.9184481556227552 0.5874431239723704
v 0.9977415162435055 1.6684481556227553 0.5874431239723701
v 0.5309319459765665 1.6684481556227486 -0.18365273589668393
v 0.5309319459765762 0.9184481556227485 -0.18365273589668354
v 1.0304560567674956 1.6684481556227553 -0.16184304221402387
v 1.0304560567675054 0.9184481556227551 -0.16184304221402349
vt 0.265625 0.921875
vt 0.359375 0.921875
vt 0.359375 0.859375
vt 0.265625 0.859375
vt 0.265625 0.859375
vt 0.359375 0.859375
vt 0.359375 0.796875
vt 0.265625 0.796875
vt 0.265625 0.796875
vt 0.359375 0.796875
vt 0.359375 0.734375
vt 0.265625 0.734375
vt 0.359375 0.859375
vt 0.265625 0.859375
vt 0.265625 0.796875
vt 0.359375 0.796875
vt 0.09375 0.6875
vt 0 0.6875
vt 0 0.78125
vt 0.09375 0.78125
vt 0.1875 0.765625
vt 0.09375 0.765625
vt 0.09375 0.671875
vt 0.1875 0.671875
vn -1.308332006725243e-14 1 -6.823581622727594e-16
vn -0.04361938736532013 -1.0970852070289916e-17 0.9990482215818586
vn 1.308332006725243e-14 -1 6.823581622727594e-16
vn 0.04361938736532013 1.0970852070289916e-17 -0.9990482215818586
vn -0.9990482215818586 -1.3057069434391238e-14 -0.04361938736532012
vn 0.9990482215818586 1.3057069434391238e-14 0.04361938736532012
usemtl m_aeebc05f-94da-6963-04ad-81db112014f6
f 52/148/37 55/147/37 53/146/37 50/145/37
f 51/152/38 52/151/38 50/150/38 49/149/38
f 56/156/39 51/155/39 49/154/39 54/153/39
f 55/160/40 56/159/40 54/158/40 53/157/40
f 54/164/41 49/163/41 50/162/41 53/161/41
f 55/168/42 52/167/42 51/166/42 56/165/42
o Hammer
v 0.6203722214399866 0.8559481556227501 0.6335263675592416
v 0.6203722214399752 1.7309481556227504 0.6335263675592412
v 0.8701342768354512 0.8559481556227533 0.6444312144005717
v 0.8701342768354399 1.7309481556227537 0.6444312144005713
v 0.6585391853846303 1.7309481556227504 -0.24064082632488507
v 0.6585391853846417 0.85594815562275 -0.24064082632488457
v 0.908301240780095 1.7309481556227537 -0.22973597948355504
v 0.9083012407801063 0.8559481556227532 -0.22973597948355454
vt 0.34375 0.984375
vt 0.453125 0.984375
vt 0.453125 0.953125
vt 0.34375 0.953125
vt 0.34375 0.953125
vt 0.453125 0.953125
vt 0.453125 0.921875
vt 0.34375 0.921875
vt 0.34375 0.65625
vt 0.453125 0.65625
vt 0.453125 0.625
vt 0.34375 0.625
vt 0.453125 0.953125
vt 0.34375 0.953125
vt 0.34375 0.921875
vt 0.453125 0.921875
vt 0.109375 0.890625
vt 0 0.890625
vt 0 1
vt 0.109375 1
vt 0.109375 0.890625
vt 0 0.890625
vt 0 0.78125
vt 0.109375 0.78125
vn -1.308332006725243e-14 1 -6.823581622727594e-16
vn -0.04361938736532013 -1.0970852070289916e-17 0.9990482215818586
vn 1.308332006725243e-14 -1 6.823581622727594e-16
vn 0.04361938736532013 1.0970852070289916e-17 -0.9990482215818586
vn -0.9990482215818586 -1.3057069434391238e-14 -0.04361938736532012
vn 0.9990482215818586 1.3057069434391238e-14 0.04361938736532012
usemtl m_aeebc05f-94da-6963-04ad-81db112014f6
f 60/172/43 63/171/43 61/170/43 58/169/43
f 59/176/44 60/175/44 58/174/44 57/173/44
f 64/180/45 59/179/45 57/178/45 62/177/45
f 63/184/46 64/183/46 62/182/46 61/181/46
f 62/188/47 57/187/47 58/186/47 61/185/47
f 63/192/48 60/191/48 59/190/48 64/189/48