# Made in Blockbench 4.7.4
mtllib hummer.mtl

o cabeca hummer
v -0.3226876676169095 0.17225059753401395 0.062499991618096606
v -0.570548882960362 0.20488214558902706 0.06249998789280631
v -0.3145297806031562 0.23421590136987702 0.062499991618096606
v -0.5623909959466087 0.26684744942489025 0.06249998789280631
v -0.5705488792669421 0.20488214510277913 -0.1875000121071937
v -0.3226876639234896 0.17225059704776602 -0.18750000838190334
v -0.5623909922531888 0.2668474489386423 -0.1875000121071937
v -0.31452977690973627 0.2342159008836291 -0.18750000838190334
vt 0.5234375 0.7109375
vt 0.5546875 0.7109375
vt 0.5546875 0.703125
vt 0.5234375 0.703125
vt 0.5234375 0.6953125
vt 0.5546875 0.6953125
vt 0.5546875 0.6875
vt 0.5234375 0.6875
vt 0.5234375 0.6328125
vt 0.5546875 0.6328125
vt 0.5546875 0.625
vt 0.5234375 0.625
vt 0.5234375 0.6171875
vt 0.5546875 0.6171875
vt 0.5546875 0.609375
vt 0.5234375 0.609375
vt 0.234375 0.4921875
vt 0.203125 0.4921875
vt 0.203125 0.5234375
vt 0.234375 0.5234375
vt 0.2734375 0.5234375
vt 0.2421875 0.5234375
vt 0.2421875 0.4921875
vt 0.2734375 0.4921875
vn -0.9914448613738103 0.13052619222005288 -1.4901161335873442e-8
vn -1.4773679914288077e-8 1.944991859272789e-9 1
vn 0.9914448613738103 -0.13052619222005288 1.4901161335873442e-8
vn 1.4773679914288077e-8 -1.944991859272789e-9 -1
vn -0.13052619222005288 -0.9914448613738103 -6.99092521879804e-19
vn 0.13052619222005288 0.9914448613738103 6.99092521879804e-19
usemtl m_96c35023-c6aa-2e82-db26-f4b059ec12d7
f 4/4/1 7/3/1 5/2/1 2/1/1
f 3/8/2 4/7/2 2/6/2 1/5/2
f 8/12/3 3/11/3 1/10/3 6/9/3
f 7/16/4 8/15/4 6/14/4 5/13/4
f 6/20/5 1/19/5 2/18/5 5/17/5
f 7/24/6 4/23/6 3/22/6 8/21/6
o cabeca hummer
v -0.34021846509847486 0.15879874329809596 0.04687499138526596
v -0.5570970285239958 0.18735134784623253 0.04687498812563695
v -0.3361395215915982 0.18978139521602755 0.04687499138526596
v -0.5530180850171191 0.218333999764164 0.04687498812563695
v -0.5570970252922534 0.18735134742076553 -0.17187501187436305
v -0.3402184618667323 0.15879874287262896 -0.17187500861473404
v -0.5530180817853767 0.21833399933869702 -0.17187501187436305
v -0.33613951835985567 0.18978139479056055 -0.17187500861473404
vt 0.5234375 0.4921875
vt 0.5546875 0.4921875
vt 0.5546875 0.484375
vt 0.5234375 0.484375
vt 0.5234375 0.4765625
vt 0.5546875 0.4765625
vt 0.5546875 0.46875
vt 0.5234375 0.46875
vt 0.53125 1
vt 0.5625 1
vt 0.5625 0.9921875
vt 0.53125 0.9921875
vt 0.53125 0.984375
vt 0.5625 0.984375
vt 0.5625 0.9765625
vt 0.53125 0.9765625
vt 0.5234375 0.96875
vt 0.4921875 0.96875
vt 0.4921875 1
vt 0.5234375 1
vt 0.5234375 0.9609375
vt 0.4921875 0.9609375
vt 0.4921875 0.9296875
vt 0.5234375 0.9296875
vn -0.9914448613738103 0.13052619222005288 -1.4901161335873442e-8
vn -1.4773679914288077e-8 1.944991859272789e-9 1
vn 0.9914448613738103 -0.13052619222005288 1.4901161335873442e-8
vn 1.4773679914288077e-8 -1.944991859272789e-9 -1
vn -0.13052619222005288 -0.9914448613738103 -6.99092521879804e-19
vn 0.13052619222005288 0.9914448613738103 6.99092521879804e-19
usemtl m_96c35023-c6aa-2e82-db26-f4b059ec12d7
f 12/28/7 15/27/7 13/26/7 10/25/7
f 11/32/8 12/31/8 10/30/8 9/29/8
f 16/36/9 11/35/9 9/34/9 14/33/9
f 15/40/10 16/39/10 14/38/10 13/37/10
f 14/44/11 9/43/11 10/42/11 13/41/11
f 15/48/12 12/47/12 11/46/12 16/45/12
o cabeca hummer
v -0.39445975414193 -0.13349697819920603 0.03124999115243532
v -0.5803556656495195 -0.10902331715794611 0.031249988358467595
v -0.3536703190731635 0.17632954098010967 0.03124999115243532
v -0.5395662305807529 0.20080320202136948 0.031249988358467595
v -0.5803556628794545 -0.10902331752263206 -0.1562500116415324
v -0.39445975137186506 -0.13349697856389198 -0.15625000884756468
v -0.539566227810688 0.20080320165668364 -0.1562500116415324
v -0.35367031630309853 0.17632954061542372 -0.15625000884756468
vt 0.3671875 0.5234375
vt 0.390625 0.5234375
vt 0.390625 0.484375
vt 0.3671875 0.484375
vt 0.4921875 0.7265625
vt 0.515625 0.7265625
vt 0.515625 0.6875
vt 0.4921875 0.6875
vt 0.4921875 0.6328125
vt 0.515625 0.6328125
vt 0.515625 0.59375
vt 0.4921875 0.59375
vt 0.4921875 0.5859375
vt 0.515625 0.5859375
vt 0.515625 0.546875
vt 0.4921875 0.546875
vt 0.2890625 0.4609375
vt 0.265625 0.4609375
vt 0.265625 0.484375
vt 0.2890625 0.484375
vt 0.3203125 0.484375
vt 0.296875 0.484375
vt 0.296875 0.4609375
vt 0.3203125 0.4609375
vn -0.9914448613738103 0.13052619222005288 -1.4901161335873442e-8
vn -1.4773679914288077e-8 1.944991859272789e-9 1
vn 0.9914448613738103 -0.13052619222005288 1.4901161335873442e-8
vn 1.4773679914288077e-8 -1.944991859272789e-9 -1
vn -0.13052619222005288 -0.9914448613738103 -6.99092521879804e-19
vn 0.13052619222005288 0.9914448613738103 6.99092521879804e-19
usemtl m_96c35023-c6aa-2e82-db26-f4b059ec12d7
f 20/52/13 23/51/13 21/50/13 18/49/13
f 19/56/14 20/55/14 18/54/14 17/53/14
f 24/60/15 19/59/15 17/58/15 22/57/15
f 23/64/16 24/63/16 22/62/16 21/61/16
f 22/68/17 17/67/17 18/66/17 21/65/17
f 23/72/18 20/71/18 19/70/18 24/69/18
o cabeca hummer
v -0.3716349896994293 -0.19954122548116482 0.062499991618096606
v -0.6194962050428818 -0.1669096774261516 0.06249998789280631
v -0.363477102685676 -0.13757592164530175 0.062499991618096606
v -0.6113383180291285 -0.10494437359028852 0.06249998789280631
v -0.6194962013494618 -0.16690967791239952 -0.1875000121071937
v -0.3716349860060093 -0.19954122596741275 -0.18750000838190334
v -0.6113383143357086 -0.10494437407653645 -0.1875000121071937
v -0.3634770989922561 -0.13757592213154968 -0.18750000838190334
vt 0.078125 0.7578125
vt 0.109375 0.7578125
vt 0.109375 0.75
vt 0.078125 0.75
vt 0.296875 0.78125
vt 0.328125 0.78125
vt 0.328125 0.7734375
vt 0.296875 0.7734375
vt 0.5078125 0.5078125
vt 0.5390625 0.5078125
vt 0.5390625 0.5
vt 0.5078125 0.5
vt 0.5234375 0.7265625
vt 0.5546875 0.7265625
vt 0.5546875 0.71875
vt 0.5234375 0.71875
vt 0.109375 0.765625
vt 0.078125 0.765625
vt 0.078125 0.796875
vt 0.109375 0.796875
vt 0.5 0.53125
vt 0.46875 0.53125
vt 0.46875 0.5
vt 0.5 0.5
vn -0.9914448613738103 0.13052619222005288 -1.4901161335873442e-8
vn -1.4773679914288077e-8 1.944991859272789e-9 1
vn 0.9914448613738103 -0.13052619222005288 1.4901161335873442e-8
vn 1.4773679914288077e-8 -1.944991859272789e-9 -1
vn -0.13052619222005288 -0.9914448613738103 -6.99092521879804e-19
vn 0.13052619222005288 0.9914448613738103 6.99092521879804e-19
usemtl m_96c35023-c6aa-2e82-db26-f4b059ec12d7
f 28/76/19 31/75/19 29/74/19 26/73/19
f 27/80/20 28/79/20 26/78/20 25/77/20
f 32/84/21 27/83/21 25/82/21 30/81/21
f 31/88/22 32/87/22 30/86/22 29/85/22
f 30/92/23 25/91/23 26/90/23 29/89/23
f 31/96/24 28/95/24 27/94/24 32/93/24
o cabeca hummer
v -0.39120525893443303 -0.22848440567604855 0.04687499138526596
v -0.6080838223599538 -0.19993180112791198 0.04687498812563695
v -0.3871263154275564 -0.19750175375811696 0.04687499138526596
v -0.6040048788530772 -0.1689491492099804 0.04687498812563695
v -0.6080838191282114 -0.19993180155337897 -0.17187501187436305
v -0.3912052557026905 -0.22848440610151555 -0.17187500861473404
v -0.6040048756213348 -0.16894914963544738 -0.17187501187436305
v -0.38712631219581384 -0.19750175418358396 -0.17187500861473404
vt 0.53125 0.96875
vt 0.5625 0.96875
vt 0.5625 0.9609375
vt 0.53125 0.9609375
vt 0.53125 0.953125
vt 0.5625 0.953125
vt 0.5625 0.9453125
vt 0.53125 0.9453125
vt 0.53125 0.9375
vt 0.5625 0.9375
vt 0.5625 0.9296875
vt 0.53125 0.9296875
vt 0.53125 0.8828125
vt 0.5625 0.8828125
vt 0.5625 0.875
vt 0.53125 0.875
vt 0.5234375 0.8515625
vt 0.4921875 0.8515625
vt 0.4921875 0.8828125
vt 0.5234375 0.8828125
vt 0.5234375 0.84375
vt 0.4921875 0.84375
vt 0.4921875 0.8125
vt 0.5234375 0.8125
vn -0.9914448613738103 0.13052619222005288 -1.4901161335873442e-8
vn -1.4773679914288077e-8 1.944991859272789e-9 1
vn 0.9914448613738103 -0.13052619222005288 1.4901161335873442e-8
vn 1.4773679914288077e-8 -1.944991859272789e-9 -1
vn -0.13052619222005288 -0.9914448613738103 -6.99092521879804e-19
vn 0.13052619222005288 0.9914448613738103 6.99092521879804e-19
usemtl m_96c35023-c6aa-2e82-db26-f4b059ec12d7
f 36/100/25 39/99/25 37/98/25 34/97/25
f 35/104/26 36/103/26 34/102/26 33/101/26
f 40/108/27 35/107/27 33/106/27 38/105/27
f 39/112/28 40/111/28 38/110/28 37/109/28
f 38/116/29 33/115/29 34/114/29 37/113/29
f 39/120/30 36/119/30 35/118/30 40/117/30
o cabeca hummer
v -0.33002110633128323 0.23625537309292488 0.04687499138526596
v -0.5468996697568042 0.26480797764106145 0.04687498812563695
v -0.3259421628244066 0.2672380250108565 0.04687499138526596
v -0.5428207262499275 0.29579062955899293 0.04687498812563695
v -0.5468996665250616 0.26480797721559446 -0.17187501187436305
v -0.3300211030995408 0.23625537266745789 -0.17187500861473404
v -0.542820723018185 0.29579062913352605 -0.17187501187436305
v -0.32594215959266415 0.2672380245853895 -0.17187500861473404
vt 0.53125 0.8671875
vt 0.5625 0.8671875
vt 0.5625 0.859375
vt 0.53125 0.859375
vt 0.53125 0.8515625
vt 0.5625 0.8515625
vt 0.5625 0.84375
vt 0.53125 0.84375
vt 0.53125 0.8359375
vt 0.5625 0.8359375
vt 0.5625 0.828125
vt 0.53125 0.828125
vt 0.53125 0.8203125
vt 0.5625 0.8203125
vt 0.5625 0.8125
vt 0.53125 0.8125
vt 0.5234375 0.7734375
vt 0.4921875 0.7734375
vt 0.4921875 0.8046875
vt 0.5234375 0.8046875
vt 0.5234375 0.765625
vt 0.4921875 0.765625
vt 0.4921875 0.734375
vt 0.5234375 0.734375
vn -0.9914448613738103 0.13052619222005288 -1.4901161335873442e-8
vn -1.4773679914288077e-8 1.944991859272789e-9 1
vn 0.9914448613738103 -0.13052619222005288 1.4901161335873442e-8
vn 1.4773679914288077e-8 -1.944991859272789e-9 -1
vn -0.13052619222005288 -0.9914448613738103 -6.99092521879804e-19
vn 0.13052619222005288 0.9914448613738103 6.99092521879804e-19
usemtl m_96c35023-c6aa-2e82-db26-f4b059ec12d7
f 44/124/31 47/123/31 45/122/31 42/121/31
f 43/128/32 44/127/32 42/126/32 41/125/32
f 48/132/33 43/131/33 41/130/33 46/129/33
f 47/136/34 48/135/34 46/134/34 45/133/34
f 46/140/35 41/139/35 42/138/35 45/137/35
f 47/144/36 44/143/36 43/142/36 48/141/36
o cabeca hummer
v -0.37896842841380307 -0.1355364499222539 0.04687499138526596
v -0.5958469918393239 -0.10698384537411731 0.04687498812563695
v -0.3748894849069264 -0.1045537980043223 0.04687499138526596
v -0.5917680483324472 -0.07600119345618572 0.04687498812563695
v -0.5958469886075815 -0.10698384579958431 -0.17187501187436305
v -0.37896842518206053 -0.13553645034772088 -0.17187500861473404
v -0.5917680451007048 -0.07600119388165272 -0.17187501187436305
v -0.3748894816751839 -0.10455379842978929 -0.17187500861473404
vt 0.5234375 0.6015625
vt 0.5546875 0.6015625
vt 0.5546875 0.59375
vt 0.5234375 0.59375
vt 0.5234375 0.5859375
vt 0.5546875 0.5859375
vt 0.5546875 0.578125
vt 0.5234375 0.578125
vt 0.5234375 0.5703125
vt 0.5546875 0.5703125
vt 0.5546875 0.5625
vt 0.5234375 0.5625
vt 0.5234375 0.5546875
vt 0.5546875 0.5546875
vt 0.5546875 0.546875
vt 0.5234375 0.546875
vt 0.3125 0.4921875
vt 0.28125 0.4921875
vt 0.28125 0.5234375
vt 0.3125 0.5234375
vt 0.5078125 0.671875
vt 0.4765625 0.671875
vt 0.4765625 0.640625
vt 0.5078125 0.640625
vn -0.9914448613738103 0.13052619222005288 -1.4901161335873442e-8
vn -1.4773679914288077e-8 1.944991859272789e-9 1
vn 0.9914448613738103 -0.13052619222005288 1.4901161335873442e-8
vn 1.4773679914288077e-8 -1.944991859272789e-9 -1
vn -0.13052619222005288 -0.9914448613738103 -6.99092521879804e-19
vn 0.13052619222005288 0.9914448613738103 6.99092521879804e-19
usemtl m_96c35023-c6aa-2e82-db26-f4b059ec12d7
f 52/148/37 55/147/37 53/146/37 50/145/37
f 51/152/38 52/151/38 50/150/38 49/149/38
f 56/156/39 51/155/39 49/154/39 54/153/39
f 55/160/40 56/159/40 54/158/40 53/157/40
f 54/164/41 49/163/41 50/162/41 53/161/41
f 55/168/42 52/167/42 51/166/42 56/165/42
o cabo_hummer
v 0.3654396668392891 -0.10746101481408143 -0.031249997671693563
v -0.5795312166576236 0.01694676214565649 -0.03125001187436305
v 0.3735975538530424 -0.04549571097821825 -0.031249997671693563
v -0.5713733296438703 0.07891206598151967 -0.03125001187436305
v -0.5795312157342686 0.01694676202409451 -0.09375001187436305
v 0.36543966776264414 -0.10746101493564342 -0.09374999767169356
v -0.5713733287205153 0.07891206585995769 -0.09375001187436305
v 0.37359755477639744 -0.045495711099780234 -0.09374999767169356
vt 0.203125 0.921875
vt 0.2109375 0.921875
vt 0.2109375 0.9140625
vt 0.203125 0.9140625
vt 0.421875 0.9140625
vt 0.546875 0.9140625
vt 0.546875 0.90625
vt 0.421875 0.90625
vt 0.328125 0.953125
vt 0.3359375 0.953125
vt 0.3359375 0.9453125
vt 0.328125 0.9453125
vt 0.4453125 0.8984375
vt 0.5703125 0.8984375
vt 0.5703125 0.890625
vt 0.4453125 0.890625
vt 0.3359375 0.46875
vt 0.328125 0.46875
vt 0.328125 0.59375
vt 0.3359375 0.59375
vt 0.0546875 0.5625
vt 0.046875 0.5625
vt 0.046875 0.4375
vt 0.0546875 0.4375
vn -0.9914448613738103 0.13052619222005288 -1.4901161335873442e-8
vn -1.4773679914288077e-8 1.944991859272789e-9 1
vn 0.9914448613738103 -0.13052619222005288 1.4901161335873442e-8
vn 1.4773679914288077e-8 -1.944991859272789e-9 -1
vn -0.13052619222005288 -0.9914448613738103 -6.99092521879804e-19
vn 0.13052619222005288 0.9914448613738103 6.99092521879804e-19
usemtl m_96c35023-c6aa-2e82-db26-f4b059ec12d7
f 60/172/43 63/171/43 61/170/43 58/169/43
f 59/176/44 60/175/44 58/174/44 57/173/44
f 64/180/45 59/179/45 57/178/45 62/177/45
f 63/184/46 64/183/46 62/182/46 61/181/46
f 62/188/47 57/187/47 58/186/47 61/185/47
f 63/192/48 60/191/48 59/190/48 64/189/48
o encaixe cabo cima
v -0.2748424346543783 -0.03892610450099765 -0.01562500726431626
v -0.5970620146008665 0.003494907970519545 -0.015625012107193692
v -0.26260560413374834 0.054021851252797015 -0.01562500726431626
v -0.5848251840802365 0.09644286372431421 -0.015625012107193692
v -0.5970620132158341 0.0034949077881766266 -0.10937501210719369
v -0.27484243326934577 -0.03892610468334057 -0.10937500726431626
v -0.5848251826952041 0.09644286354197129 -0.10937501210719369
v -0.2626056027487158 0.0540218510704541 -0.10937500726431626
vt 0 0.3984375
vt 0.01171875 0.3984375
vt 0.01171875 0.38671875
vt 0 0.38671875
vt 0 0.3984375
vt 0.040624999999999994 0.3984375
vt 0.040624999999999994 0.38671875
vt 0 0.38671875
vt 0 0.3984375
vt 0.01171875 0.3984375
vt 0.01171875 0.38671875
vt 0 0.38671875
vt 0 0.3984375
vt 0.040624999999999994 0.3984375
vt 0.040624999999999994 0.38671875
vt 0 0.38671875
vt 0 0.3984375
vt 0.01171875 0.3984375
vt 0.01171875 0.3578125
vt 0 0.3578125
vt 0 0.3984375
vt 0.01171875 0.3984375
vt 0.01171875 0.3578125
vt 0 0.3578125
vn -0.9914448613738103 0.13052619222005288 -1.4901161335873442e-8
vn -1.4773679914288077e-8 1.944991859272789e-9 1
vn 0.9914448613738103 -0.13052619222005288 1.4901161335873442e-8
vn 1.4773679914288077e-8 -1.944991859272789e-9 -1
vn -0.13052619222005288 -0.9914448613738103 -6.99092521879804e-19
vn 0.13052619222005288 0.9914448613738103 6.99092521879804e-19
usemtl m_96c35023-c6aa-2e82-db26-f4b059ec12d7
f 68/196/49 71/195/49 69/194/49 66/193/49
f 67/200/50 68/199/50 66/198/50 65/197/50
f 72/204/51 67/203/51 65/202/51 70/201/51
f 71/208/52 72/207/52 70/206/52 69/205/52
f 70/212/53 65/211/53 66/210/53 69/209/53
f 71/216/54 68/215/54 67/214/54 72/213/54
o encaixe cabo baixo
v 0.4253654986908756 -0.13111022775641 -0.015624996740370989
v 0.3479088688960462 -0.12091286898921838 -0.015624997904524207
v 0.43760232921150555 -0.03816227200261535 -0.015624996740370989
v 0.3601456994166762 -0.027964913235423716 -0.015624997904524207
v 0.34790887028107864 -0.1209128691715613 -0.10937499790452421
v 0.425365500075908 -0.13111022793875293 -0.10937499674037099
v 0.3601457008017086 -0.027964913417766635 -0.10937499790452421
v 0.43760233059653797 -0.03816227218495827 -0.10937499674037099
vt 0.109375 0.3828125
vt 0.12109375 0.3828125
vt 0.12109375 0.37109375
vt 0.109375 0.37109375
vt 0.109375 0.3828125
vt 0.11914062500000006 0.3828125
vt 0.11914062500000006 0.37109375
vt 0.109375 0.37109375
vt 0.109375 0.3828125
vt 0.12109375 0.3828125
vt 0.12109375 0.37109375
vt 0.109375 0.37109375
vt 0.109375 0.3828125
vt 0.11914062500000006 0.3828125
vt 0.11914062500000006 0.37109375
vt 0.109375 0.37109375
vt 0.109375 0.3828125
vt 0.12109375 0.3828125
vt 0.12109375 0.373046875
vt 0.109375 0.373046875
vt 0.109375 0.3828125
vt 0.12109375 0.3828125
vt 0.12109375 0.373046875
vt 0.109375 0.373046875
vn -0.9914448613738103 0.13052619222005288 -1.4901161335873442e-8
vn -1.4773679914288077e-8 1.944991859272789e-9 1
vn 0.9914448613738103 -0.13052619222005288 1.4901161335873442e-8
vn 1.4773679914288077e-8 -1.944991859272789e-9 -1
vn -0.13052619222005288 -0.9914448613738103 -6.99092521879804e-19
vn 0.13052619222005288 0.9914448613738103 6.99092521879804e-19
usemtl m_96c35023-c6aa-2e82-db26-f4b059ec12d7
f 76/220/55 79/219/55 77/218/55 74/217/55
f 75/224/56 76/223/56 74/222/56 73/221/56
f 80/228/57 75/227/57 73/226/57 78/225/57
f 79/232/58 80/231/58 78/230/58 77/229/58
f 78/236/59 73/235/59 74/234/59 77/233/59
f 79/240/60 76/239/60 75/238/60 80/237/60